_viz_0 = nengo_gui.components.Slider(bot_pos_inp)
_viz_config[_viz_0].label_visible = True
_viz_config[_viz_0].width = 0.04240882103477523
_viz_config[_viz_0].x = 0.09552984251493274
_viz_config[_viz_0].y = 0.17656482813765081
_viz_config[_viz_0].max_value = 1
_viz_config[_viz_0].min_value = -1
_viz_config[_viz_0].height = 0.1287001287001287
_viz_1 = nengo_gui.components.Slider(bot_orient_inp)
_viz_config[_viz_1].label_visible = True
_viz_config[_viz_1].width = 0.04240882103477523
_viz_config[_viz_1].x = 0.0934230576655287
_viz_config[_viz_1].y = 0.4952002502741311
_viz_config[_viz_1].max_value = 3.2
_viz_config[_viz_1].min_value = -3.2
_viz_config[_viz_1].height = 0.1287001287001287
_viz_2 = nengo_gui.components.Slider(goal_pos_inp)
_viz_config[_viz_2].label_visible = True
_viz_config[_viz_2].width = 0.04240882103477523
_viz_config[_viz_2].x = 0.09247137664058461
_viz_config[_viz_2].y = 0.8201015529108089
_viz_config[_viz_2].max_value = 1
_viz_config[_viz_2].min_value = -1
_viz_config[_viz_2].height = 0.1287001287001287
_viz_3 = nengo_gui.components.Slider(motion_vec_inp)
_viz_config[_viz_3].label_visible = True
_viz_config[_viz_3].width = 0.04240882103477523
_viz_config[_viz_3].x = 0.45321349421324764
_viz_config[_viz_3].y = 0.4995709995710006
_viz_config[_viz_3].max_value = 1
_viz_config[_viz_3].min_value = -1
_viz_config[_viz_3].height = 0.1287001287001287
_viz_4 = nengo_gui.components.Slider(wheel_speeds)
_viz_config[_viz_4].label_visible = True
_viz_config[_viz_4].width = 0.04240882103477523
_viz_config[_viz_4].x = 0.7191852034255383
_viz_config[_viz_4].y = 0.5034320034320033
_viz_config[_viz_4].max_value = 8
_viz_config[_viz_4].min_value = -8
_viz_config[_viz_4].height = 0.1287001287001287
_viz_ace_editor = nengo_gui.components.AceEditor()
_viz_net_graph = nengo_gui.components.NetGraph()
_viz_sim_control = nengo_gui.components.SimControl()
_viz_config[_viz_sim_control].kept_time = 4.0
_viz_config[_viz_sim_control].shown_time = 0.5
_viz_config[bot_orient_inp].pos=(0.09393196351794611, 0.4949428500167318)
_viz_config[bot_orient_inp].size=(0.0410517387616624, 0.1302445302445302)
_viz_config[bot_pos_inp].pos=(0.09646283657769791, 0.17566392723675)
_viz_config[bot_pos_inp].size=(0.042324003392705686, 0.1283140283140284)
_viz_config[goal_pos_inp].pos=(0.09255619428265384, 0.820487653296909)
_viz_config[goal_pos_inp].size=(0.040627650551314766, 0.12702702702702706)
_viz_config[model].pos=(0, 0)
_viz_config[model].size=(1.0, 1.0)
_viz_config[model].expanded=True
_viz_config[model].has_layout=True
_viz_config[motion_vec_inp].pos=(0.4522558756737533, 0.49742599742599836)
_viz_config[motion_vec_inp].size=(0.04167008673287912, 0.12827112827112822)
_viz_config[vrep_proxy].pos=(0.45062069922245274, 0.11469637538168745)
_viz_config[vrep_proxy].size=(0.023240033927056855, 0.037580437580437547)
_viz_config[wheel_speeds].pos=(0.7203480259377819, 0.49935649935649995)
_viz_config[wheel_speeds].size=(0.042094174943226925, 0.12762762762762778)