_viz_0 = nengo_gui.components.Value(ens)
_viz_config[_viz_0].synapse = 0.01
_viz_config[_viz_0].max_value = 1
_viz_config[_viz_0].min_value = -1
_viz_config[_viz_0].legend_labels = [u'label_0']
_viz_config[_viz_0].height = 0.16400491400491402
_viz_config[_viz_0].label_visible = True
_viz_config[_viz_0].width = 0.10463258785942492
_viz_config[_viz_0].show_legend = False
_viz_config[_viz_0].y = 0.4882975177263826
_viz_config[_viz_0].x = 0.8269433146484715
_viz_1 = nengo_gui.components.Slider(inhibit_inp)
_viz_config[_viz_1].label_visible = True
_viz_config[_viz_1].width = 0.032348245858384396
_viz_config[_viz_1].x = 0.11941586275925338
_viz_config[_viz_1].y = 0.23474754613414583
_viz_config[_viz_1].max_value = 1
_viz_config[_viz_1].min_value = 0
_viz_config[_viz_1].height = 0.06695331695331695
_viz_2 = nengo_gui.components.Value(ens_inhibit)
_viz_config[_viz_2].synapse = 0.01
_viz_config[_viz_2].max_value = 1
_viz_config[_viz_2].min_value = -1
_viz_config[_viz_2].legend_labels = [u'label_0']
_viz_config[_viz_2].height = 0.1554054054054054
_viz_config[_viz_2].label_visible = True
_viz_config[_viz_2].width = 0.0902555910543131
_viz_config[_viz_2].show_legend = False
_viz_config[_viz_2].y = 0.48464373464373467
_viz_config[_viz_2].x = 0.4110604867982311
_viz_4 = nengo_gui.components.Raster(ens)
_viz_config[_viz_4].label_visible = True
_viz_config[_viz_4].width = 0.07987220447284345
_viz_config[_viz_4].y = 0.8513513513513516
_viz_config[_viz_4].x = 0.6369112450382414
_viz_config[_viz_4].n_neurons = 100
_viz_config[_viz_4].height = 0.12285012285012285
_viz_ace_editor = nengo_gui.components.AceEditor()
_viz_net_graph = nengo_gui.components.NetGraph()
_viz_sim_control = nengo_gui.components.SimControl()
_viz_config[_viz_sim_control].kept_time = 4.0
_viz_config[_viz_sim_control].shown_time = 0.5
_viz_config[ens].pos=(0.8286378158582627, 0.22732391482391484)
_viz_config[ens].size=(0.034311767838125694, 0.05277436527436532)
_viz_config[ens_bias].pos=(0.8283594794212885, 0.056766981770033614)
_viz_config[ens_bias].size=(0.024167398871382, 0.02948401698706868)
_viz_config[ens_exc].pos=(0.4154253762265157, 0.08236051353169561)
_viz_config[ens_exc].size=(0.03271449040351419, 0.050317619146437065)
_viz_config[ens_inhibit].pos=(0.4107783089671811, 0.23052421788148264)
_viz_config[ens_inhibit].size=(0.03622466984382834, 0.055716568359303546)
_viz_config[inhibit_inp].pos=(0.12045420141740053, 0.23057064195724203)
_viz_config[inhibit_inp].size=(0.03290734824281153, 0.07972972972972972)
_viz_config[model].pos=(0, 0)
_viz_config[model].size=(1.0, 1.0)
_viz_config[model].expanded=True
_viz_config[model].has_layout=True