_viz_0 = nengo_gui.components.Slider(bot_pos_inp)
_viz_config[_viz_0].label_visible = True
_viz_config[_viz_0].width = 0.04937722419928826
_viz_config[_viz_0].x = 0.17824390911579488
_viz_config[_viz_0].y = 0.20478787878787894
_viz_config[_viz_0].max_value = 2.5
_viz_config[_viz_0].min_value = -2.5
_viz_config[_viz_0].height = 0.13333333333333333
_viz_1 = nengo_gui.components.Slider(bot_orient_inp)
_viz_config[_viz_1].label_visible = True
_viz_config[_viz_1].width = 0.04403914590747331
_viz_config[_viz_1].x = 0.17557486996988747
_viz_config[_viz_1].y = 0.5189090909090914
_viz_config[_viz_1].max_value = 3.2
_viz_config[_viz_1].min_value = -3.2
_viz_config[_viz_1].height = 0.13333333333333333
_viz_3 = nengo_gui.components.SpaSimilarity(model.view,target='default')
_viz_config[_viz_3].max_value = 1.5
_viz_config[_viz_3].min_value = -1.5
_viz_config[_viz_3].height = 0.24333333333333335
_viz_config[_viz_3].label_visible = True
_viz_config[_viz_3].width = 0.152135231316726
_viz_config[_viz_3].y = 0.6574205376508561
_viz_config[_viz_3].x = 0.7027219481258696
_viz_config[_viz_3].show_pairs = False
_viz_4 = nengo_gui.components.Slider(wheels_speeds_outp)
_viz_config[_viz_4].label_visible = True
_viz_config[_viz_4].width = 0.04233226227684143
_viz_config[_viz_4].x = 0.17339899194412445
_viz_config[_viz_4].y = 0.8222719082719075
_viz_config[_viz_4].max_value = 2
_viz_config[_viz_4].min_value = -2
_viz_config[_viz_4].height = 0.12285012285012285
_viz_ace_editor = nengo_gui.components.AceEditor()
_viz_net_graph = nengo_gui.components.NetGraph()
_viz_sim_control = nengo_gui.components.SimControl()
_viz_config[_viz_sim_control].kept_time = 4.0
_viz_config[_viz_sim_control].shown_time = 0.5
_viz_config[bot_orient_inp].pos=(0.18060498220640522, 0.5173333333333333)
_viz_config[bot_orient_inp].size=(0.04879551053928263, 0.1322424242424243)
_viz_config[bot_pos_inp].pos=(0.1792704626334516, 0.20454545454545447)
_viz_config[bot_pos_inp].size=(0.04924035039693401, 0.13224242424242416)
_viz_config[catch_area_view_inp].pos=(0.4047123217557951, 0.20888863347635958)
_viz_config[catch_area_view_inp].size=(0.07286476868327427, 0.13333333333333325)
_viz_config[model].pos=(-0.01437699680511182, -0.015970515970515967)
_viz_config[model].size=(1.0, 1.0)
_viz_config[model].expanded=True
_viz_config[model].has_layout=True
_viz_config[model.view].pos=(0.7019212363820965, 0.20875387098418832)
_viz_config[model.view].size=(0.07464412811387901, 0.12933333333333327)
_viz_config[model.view].expanded=False
_viz_config[model.view].has_layout=False
_viz_config[model.view.state_ensembles].expanded=False
_viz_config[model.view.state_ensembles].has_layout=False
_viz_config[vrep_proxy].pos=(0.39803299806086945, 0.5744065039067171)
_viz_config[vrep_proxy].size=(0.1, 0.1)
_viz_config[wheels_speeds_outp].pos=(0.17776397621456938, 0.8228861588861579)
_viz_config[wheels_speeds_outp].size=(0.04835067068163142, 0.12469287469287478)